606311733069
634131836078
1043803874492
630821186086
1060896159354
1072321838045
986063616867
1064404148771
921406595986
980584686169
1006509415728
1040555459368
1033454250061
921738026067
1068192936865
42651963642
921713742780
634063202139
662541397029
688418128312
966519228514
710524151948
1042814171328
709846456286
1046378634222
832315362004
1042016012239
991185854269
866083197799
1053828310111
847031293169
705018928721
848093677248
1049723597847
625166811566
1065474132709
1066425091810
829730599756
695628594860
992621541449
973071473333
1073820116577
857882886945
839426170669
980838112470
1066990361411
874938315662
975947845114
968621002320
1071255913719
804484384189
850143139340
548447402487
928014329078
969996740396
788756323484
1064364748717
1056957335827
804592775498
1045344858125
1070965305128
1051817296001
1062673569903
786242458661
1045330985187
1062233055585
774458203500
900237639223
898896361591
1063982953227
1044782765228
1029789014682
638937215850
1062049647255
1072309635398
1071596295651
1061374779606
897052589044
619605826676
736747916605
1058668400567
1004490249088
997601073990
1069113833664
995252183798
850173331319
985631055358
1056580989665
850874573733
958587833794
546692355751
530360906348
891023846823
972866268188
582492458807
837304356232
986310699126
841758056150
617654484059
963237095867
1061858587445
39628929474
784623904875
739181631539
677242645485
773697770756
738493280533
758902729271
613398345319
652899625558
920504033764
1057924093977
1047488137221
707975007096
669720521527
945714939081
927308310195
973203529737
1057679021587
1000431040429
681784746347
1053098727715
1048937440853
989268283787
773695862803
541530260134
529735203353
810010067433
774147863510
916497842942
757412785174
590064462559
728172742655
628860071864
666168844265
1041677448580
1037580612546
571817303330
544857897031
665397324549
805045407761
856900614362
666800826191
774173557713
727073436191
972902398057
892795573834
1075882141978
1036855194355
996518662660