977895388908
679201520059
977231290598
673227110627
870217552832
598311390432
654398085920
1038796138503
950705146594
857804998271
1000656015875
981952908475
626576085652
977906788086
808590723985
805623274279
963803786819
868952961099
1013505218469
926190941158
964986257624
650135958732
688298131134
808275574493
760316344299
769937282925
809282098247
935067194988
742752417653
1076548178890
800970308719
1048767942446
902881853048
824875167448
916233652521
654963685065
869269177227
672316952810
721867010147
553940842482
901055812971
995052451195
38728943900
942111856176
640541823858
912446212829
949034974642
794423511190
1062670934055
924238933120
938026657751
539159828212
665109834188
981465891306
622375438514
824870435037
859093162387
1063181572408
595959190162
935858243618
678642404247
969405705050
1071304600204
691018192024
587791278670
647154227953
728426543158
601842603336
755451326304
1060900269530
704976445763
892499142791
822161261031
721469157497
1057079416990
1073040717866
777570741818
662757096999
958742487461
1050084314566
978746916007
692355604479
979162298989
1059313745681
992581126550
777774600450
917409150122
652749954063
948353613888
668682868939
853334416673
1069465990509
663974792140
942138860063
529800446957
824316602609
799457436116
787763278866
981961980431
914866275330
843068000443
1060240500880
723284258458
1031649847540
642952959611
1071121784946
528004209371
1052538749715
556788294499
980973173184
970495001076
593702703824
595280828344
721874829694
651020984132
991618916224
753376277430
641813786599
618218637718
691978104891
1068476885722
1055043301103
1049959424762
991482905350
1016891876978
995884734073
808730187487
1044384237479
653212352861
929111863593
679515754687
1018072188291
692677129214
757626622230
558414543703
683986756529
674134035598
851659663602
778334118814
962887246111
740683288874
622638916136
1056230912305
709263186818
622076997479
978213600349
814782579371
650977009062
920104810439
795530897470
617620860772
1002597256283
974917307987
823434829285
694866673626
885490671941
588312579395
707587133441
810953299825
693319263669
805850876738
1077938169376
985092001950
893275968059
1038430390812
723333191419
678236678831
734968556220
714856816868
788916722964
673711589129
647431733519
1039853750825
1063436542950
730774290138
615119796469
694248504247
566104631934
897625752216
763914720168
606610344037
1069421904780
557396156959
1067552606252
643595092516
718151878154
652982959906
730140418044
1066978509164
1069536432435
1018925633669
939217283633
1050211615375
612702960115
583728775251
686994200208
738102812356
809688221020
694480455175
601847341488
1053223432540
805687198342
854721093243
631311101258
670149547850
642960331151
756931838407
1059598089270
730867570426
1065030240359
903690039331
687972901218
811112618246
751280005190
666567654312
537620118754
848754779563
601203768708
1066884091699
990267334511
681610741144
1073222052900
821028776838
601374419509
582456536702
1036405099080
884794989341
1047507095422
730286962048
897495099856
752250286990
680926078266
976060392013
1065068315805
920369462492
655422124150
811559957423
966182693477
651078673650
939675573853
804422651010
634862644354
1062634423636
809446759864
1074935795689
569558207711
676722857540
708077572076
569558207199
643344168214
569557855591
1069166682746
817330308244
605888715226
744728112297
967314216832
625375898501
1057127917804
973956284615
742648746737
966357554199
1005581129862
1034653468160
655923859793
1061781101357
951575625297
620006203341
801414025562
748639212109
666982924295
918581125491
1061265753881
589772811587
748417140758
995439244698
1042036664653
665802021266
809064217765
1014579774657
979224534301
705752847888
951440178857
999587548574
1064072051119
1073451870844
728004773263
642012428670
785145509365
848301951427
821342137505
1073156616028
751173895730
714872760084
855130777783
642018093573
619237062750
528480069057
652127086717
967195060968
676887337209
646987524250
903625077817
857826425756
1046560590888
665488630709
556710482500
616568313432
895779450590
982565343255
534610166987
750179303597
858934664218
666375344494
988700979524
961506425215
619564702775
863450414345
803374157039
1007373797096
754042305256
936008763074
649840930192
855292703430
1009669877935
617436591110
1063232783762
729233404106
658893357358
1074841347383
1031400690141
849720029614
687944562534
919524505466
641105688086
775627069247
710149164849
922615849218
1014919810988
734990201855
849342036854
819502744006
775930245848
1012328788280
796120303292
866350383982
616747984243
754070516651
771979870670
679551529400
536290964155
979321406335
688226143154
897440960774
893550984160
961246418427
965075315628
726887556506
566999878365
884428441061
1015256338435
577162064653
860914756481
589268311424
801092998673
1063277141751
688264638346
682262533331
687979509834
848172716892
943928250777
944451751497
805743513632
1050049805606
977260317828
642037367855
680019207364
996475119143
567385943778
886202922496
651460484555
658474989705
630404521676
1043741285902
35934631393
663178459700
1008886444696
605454613765
781103937765
822360843289