1005845613934
38076240668
771985872130
1071212918507
977818152779
773668524808
1060538228173
1057745705230
1056322241804
632246768009
655359679060
894324520838
902495144024
1058771306180
654451605313
1002721597365
896121892894
694394124342
1071807913654
642018245252
859119665921
637343477121
654588929563
681187239802
913798327001
727117243084
1063200956182
1060695476648
709911746932
743373274096
597142650376
630839812540
643589495472
625187761815
631316245597
902209645886
655074919224
1025930094879
1059610537061
668981278306
1074267744602
609671730278
1049417535868
746903688887
597144186114
1053153140840
922751094637
707559899041
1078445152558
716287425507
1075766226061
661264495848
851965987212
852315182016
675219005636
987297041246
701419619436
1034095840969
996202188052
924177589094
922463636007
818325017193
772133858535
843374004241
805693427911
902138667442
1029589591485
831987090433
1031185457534
816320277431
956653009608
614221492673
945852070287
657680067746
647854747260
1040920812844
901540746389
641919724508
721137331558
654818424062
888254646889
931164145184
996853124395
835107721722
918437633031
900669805218
946654769866
988738722739
904694873052
1050605238752
709928129420
986559860086
1069748892735
1047794157891
1038382618086
677907218666
961079350519
1045077390705
990118170080
1062678629681
1002135913944
894889539456
787668964734
1076683790753
1031373113705
806936874365
809042133478
918078891550
890891355770
723430968598
743556163863
668974720818
590555304890
1046826302940
931093075434
947752204656
673062993313
961558921197
624733943673
830651060925
752433450615
566767041992
1062750332482
740244961632
673207509027
1075108785030
39886296423
659833949253
724834733386
723326416791
1036832182782
591805825591
661223490759
592540907299
654145818661
1000091154330
814835473011
719699937015
649199554472
1064565323891
585923044608
693726187983
654163073810
1009070866942
1047780357757
770204997483
902979972970
1041511947253
928245271933
535531195557
819584023338
644725082087
661594160490
1010730800103
639555578611
1056920786805
1063648173272
1050442930236
752304819284
928057233468
535753875862
963312280664
1062745506190