606311733069
634131836078
1043803874492
630821186086
1060896159354
1072321838045
986063616867
1064404148771
921406595986
980584686169
1006509415728
1040555459368
1033454250061
921738026067
1068192936865
42651963642
921713742780
634063202139
662541397029
688418128312
966519228514
710524151948
1042814171328
709846456286
1046378634222
832315362004
1042016012239
991185854269
866083197799
1053828310111
847031293169
705018928721
848093677248
1049723597847
625166811566
1065474132709
1066425091810
829730599756
695628594860
992621541449
973071473333
1073820116577
857882886945
839426170669
980838112470
1066990361411
874938315662
975947845114
968621002320
1071255913719
804484384189
850143139340
548447402487
928014329078
969996740396
788756323484
1064364748717
1056957335827
804592775498
1045344858125
1070965305128
1051817296001
1062673569903
786242458661
1045330985187
1062233055585
774458203500
900237639223
898896361591
1063982953227
1044782765228
1029789014682
638937215850
1062049647255
1072309635398
1071596295651
1061374779606
897052589044
619605826676
736747916605
1058668400567
1004490249088
997601073990
1069113833664
995252183798
850173331319
985631055358
1056580989665
850874573733
958587833794
601368896639
1004192705084
863094788494
1038824614171
621726516788
890849247548
989880488319
599487310793
1077470893986
600514255715
612734372861
1045435614793
1059186130037
681390507381
566962102719
632775401610
714595970944
615511536794
920031691951
830991856539
777802989827
1070201265522
661768870184
625628135514
562276527376
1026541899295
737886158935
988764675596
1065504636150
1056800401378
809417901544
665170884441
654089354790
1057318797671
650280905449
1003887586610
984361564685
1076093510626
810942748920
1061504761046
1018857897264
609985686776
546100826604
817278871129
746040084916
725023228329
41618176125
984888456167
1061667484878
531131792550
556176317612
692377372431
831993472893
796856412062
927906890022
549338978081
1030458610204
998020080835
612542063813
826452162010
993325517119
1000903949517
731903366287
796549755008
1030724321411
805769923620
919083765773
1026931755899
1064411328663
1049763585484
1048001096417
657972135796
992067011283
856655847227
41920968028
890612216912
616651013208
877277212798
935690812667
949807878880
844250844710
728236354010
983891493352
799505515527
1071974508059
928033592153
1032000988504
1037762337027
932988094234
939970043287
1018904082598
1027955207455
567222283513
901130094071
816544295200
922898925033
709380379315
656453301969
773883842165
922742608970
639447794742
921923596141
695270946386
1004675600334
1010662525732
777237826124
1058683232492
1046822034916
1039582644966
757324763473
1015530777824
988392743586
864228153158
1079083362344
1081136096514
1079073606923
1080124961682
1078207011726
1079079922154
1078207719425
1078208539173
1078207011269
1081126276413
1080106981342
1078189835327
1078191095010
1078178275858
1079047730816
1079043734411
1079031850814
1079044626022
1079038550414
1078169995348
1081082812907
1081084964772
1078172639072
1081087468258
1080052309709
1078145679257
1080048681688
1078130731586
1078139039273
1078124283432
1078984954784
1079247464513
565403762858
963391824487
824187831648
677631520749
1032157140769
1050565353315
726428121005
969009033575
590442069368
548907596591
895204093149
769425281583
1064249548071
946139418169
1047238323989
730930855750
719533142475
1007001928338
1027368802889
980876693785
960238620486
896192389922
786138168905
797212713725
929113964041
664377045861
1052032715178
1059378275572
980769822782
906551182011
887858992406
539427196040
805073109517
696162070595
858107734967
683861787511
776547075966
71940710418
1004902613049
901630051082
706194703418
1036603473251
855969735308
1057392014748
949297227505
999124379085
809797578133
609658861222
595111157297
1003922919268
564775312832
659009434002
753654091661
928527261475
778376635142
1047926603262
985399065377
916725839645
728072101345
903028616231
1056518612066
679038695918
1034749201571
1044927439634
948485960772
1048815033574
826624290427
619905515718
556374572729
601038096540
868690060256
1036097529940
561942266658
910152782530
1047322981242
776157244109
35803936292
850782327413
974006060582
922106963185
838300158021
1029965810659
809654578074
869154172695
910353581840
715786319115
872994847945
987567273599
728691763793
863468268424
820281268104
863441474350
928959247835
599679419503
934536934231
715271198441
729080543879
884123370141
780451712394
857176850141
1039865162035
679215677647
670235070829
1012691124772
780799396979
592057310896
1034203805359
964407459097
971815716727
996298788063
980727902391
624516717001
970272786257
632011070720
954175245783
718829361313
991027637805
1043212016988
989730339211
1037986446056
751319883799
1068444381565
936820142319
730133631909
953312025018
680581060370
1017115559687
1014104696183
1007694764625
875980819749
638551680920
1032227535487
1058011240501
1002471320016
1052704941806
1029021026863
1055242190127
1003584033104
1050602403229
953009292494
1037496241835
1039620473721
1039977585442
1032363398564
861802543006
1008182342594
927985214604
928741367210
680253531395
931111999912
777547745639
853641860324
729068283276
681570497480
830722775681
1033926339485
674408688049
711907266917
763636739049
1024045672666
859405815055
868439255435
1055695748362
963316486307
811004601701
743363861894
628845759311
897617950125
1066090736761
986259109819
1064158386816
1023394443656
961996050168
758864126387
796598982083
1031742309831
1016826508579
942392007038
853863633607
861591972189
1046601621332
948924625608
1069179215135
1066592090484
928948538348
948319377537
914638789081
679641964329
785097180480
869198440554
848608305526
996005451857
680365066437
1045227445352
814888212554
895922403652
911692340511
706363022237
674329512079
1047989678151
1060441067964
1009677169605
748466639262
1022850907705
1016982255021
732459387672
910200725215
724775915797
937293091823
913146780953
1032571991989
680004927295
681917028153
751589752828
864921116992
635903631897
895043102003
1064956798061
808847673112
874850079209
818367735800
1011547688868
931236818929
761887523125
980502234648
800188522687
842926434999
1056626771222
952479391331
1060605459813
692680049402
866964913183
769727925610
901016367740
759117746454
957527063532
762982939254
747058253704
781299115954
1058595080979
1024699627047
912745468111
892878234331
1064422281618
1048309369721
1047001762341
1048541546144
1061673338178
1002789915825
1032168615826
1010448271000
743299708724
889068959059
820581754255
668665734501
1050630300302
745749623751
1040963996174
1044751493404
912346107926
1010785771229
1017797800928
913667308553
933096603322
854708209122
978662618834
873821268293
779973006593
718241547106
1060497571165
829917922431
947228409817
1060009288569
1043472108461
1005013701060
878434455586
890903202769
1017231470965
928484525794
924040835747
727998396228
637083388853
740369874537
733622610207
948066928581
995674649504
642702790198
919420371159
672008665534
993534312825
569099208823
599167309145
1017844752384
991068629502
845295367639
1032403290701
726087275706
1014139886612
943744119803
896160190146
960705455965
994292625302
990024604489
1055166032382
973025518525
678119533594
900456779223
642459744649
978308850908
992584969375
880866450623
670511506851
915672234032
885680224701
868574938685
1025748517574
1031989155684
1055217432957
762108437847
679022312679
1058634938494
1051728357442
805581455834
740947278863
1047606344705
905949131143
1074291444635
733052402915
1073680328278
1068723810413
886891573228
1021816908730
907128359892
744861168777
730457499733
583812633915
837444635489
977355762990
619775508454
775062368113
861400410552
925239856432
966230023161
923449764632
980132000818
731681665095
1041831988128
712136160093
1047222415078
910382293465
762940256892
829676917503
943734652635
913571542201
675225361867
781066087924
882692322944
1061142089161
681103353412
673520474384
925386397503
1057053604158
993263863190
1052796305094
1051869611395
786925364672
1008658506064
936210888168
1006220258227
1042325212219
1055693502589
984150300522
1042057391645
684993987697
805490852923
872561046599
922092167641
692787713472
1002883112942
1073230080496
1074606141787
843851306548
764564588036
1073234990866
802770001495
997061157558
981780493581
1042664822424
653896887962
980794566350
816541247180
1074799898070
1040779092701
742122545637
722415910908
677018957252
1058702201416
1039042653279
639023532449
867778767203
746187631876
1016846136411
39078728958
1036717842851
677325501094
740325070474
1046102033191
696542211401
1035702125628
859533977415
1006214710363
664607878133
703105703329
1036118752896
877477342080
609643316856
961193410421
610949914431
918117688269
855772451213
1052296156550
616946217427
745051134385
826972363546
906712123413
907249706989
1058269879483
1058780530494
890587468184
1059705138244
982212276058
957380043224
1015891963453
1002812286187
892542915783
832135303457
907164668286
1052880570367
1062457040232
995620905849
822513015587
1002859880473
969146712851
856798234330
609754798039
775232386384
1013047748445
670125930772
734039792696
1048109302294
1060783850063
919530884189
738712767769
1044904790335
838474020362
824183662080
938167049364
991851165257
818883372365
642530365521
693099743843
915499838579
707720078838
902099402392
848304746664
957306991627
814461619339
955610534345
1020281088069
1056201888465
702660115565
914153017949
41235353121
642945656691
719986379460
779554187483
589852211777
959770909947
816662407291
916514445551
779810860939
670668618492
1018536359638
672298824119
872669766191
569149949477
1063010930017
920876982554
965588866571
881715758223
897314879806
597082717790
648581482412
783768775291
987171996940
1014047704269
904920787578
920381286574
902202159566
1010181064436
864636999652
972737193735
896648544290
757774178521
854229069728
926438257235
1027836146418
667683459516
644271691823
553778280411
754132383351
747369906313
1065913299600
1005897847021
1037602348758
1047589404199
1053948015878
944544427718
975847221588
964659254908
676141293413
1029876672777
814340236049
708640733248
1067805783832
1044316857334
1026745969607
1046769690049
1028081427259
1071319102093
788648870220
960715965655
1069506389271
1041654344478
784517148358
815520822337
624113090683
1027626174029
570858777182
706421004001
910001683041
904708537435
891849194317
1003951668990
931699840867
928535479600
1065880980695
998552191936
705024279957
956689537704
955981994379
565258850616
1029788734601
909856418625
521216285570
735482232236
702663111608
826928294174
701476485971
801648260148
682033666137
1040518622654
951460480821
856511092855
980919456135
837746969495
721532099898
830701773842
617750251784
896565272649
1007852018732
773246965650
887432686073
796840236214
814361834652
930265549109
914752138571
915679304840
914764338615
908564007025
725453552791
982377924702
1066954052152
1064578091657
1041366257993
838512306875
909753038828
1060243230573
1044186644508
1044758622601
616339629178
992501770699
853640434176
1061313058773
990994379902
1061826682068
984038479478
921357011511
1013407533430
1037594456993
1026196224704
986089288327
1003811626563
850864913093
1037346028250
1069951877022
1035201411556
1033717044764
778481442032
1033912030073
1051984342501
953614713659
1033541262234
897288540068
851867304302
917785847800
1008603976068
1049127732160
1011399211090
1060326194381
675710559396
705137285879
1002276479457
781971499442
904172858096
912591773855
850850224867
688712356535
815168581823
735819622127
677496109088
651322255033
857134205638
859167307527
564053656648
895113648140
921015261698
1056218614488
640079926964
714446577432
836656008057
568759510126
948742272649
1073593722205
677198093653
988390043915
639445257563
1067607435196
994098419177
937573537824
670300828867
641716407680
962759769489
704811636137
655426912406
640018436090
955903388953
940461459986
647457468629
881756132897
704476107025
991266216664
1006577134547
562877810043
827391840696
976545692540
1025208333969
738140897495
821863935684
1047990422994
820866930195
760991943152
920248131977
1060963525774
1059545981017
930942037630
814893739483
964262482639
1067339296475
941633436866
886327788049
1005581129779
1048645403631
752505128628
869258169876
959670633270
1059996997645
1059502416663
806994559598
916747470912
818572742124
1063418917316
1055249383958
727397313770
932531829367
863626203323
893609544849
1038420724235
1033188904468
1039714149889
696738198353
815421683217
1056478756729
869399645927
1030698748224
744000796332
638067973619
855147258449
632058597106
1023691951571
1015326049982
860419765487
1055155775475
711974342457
924926567826
666633980064
890530911072
783661805400
547578680982
684506840120
1017635487793
568734934402
1028954637832
812305105474
749069092735
659802156356
996471628034
989021781970
693146026611
1073457041901
935171929072
994250937669
731142900407
811027139272
670855760396
902606569198
702467386153
752186561802
929504019896
543615859989
919110381712
1049702887943
863945845236
878322134925
816932447974
895219681090
892731138796
996264959942
681260275189
1035419625389
997761966476
694284801210
611039046711
783473678731
1019575875837
1024090379889
1047199273676
1017474468301
1056396245938
1045445875386
922911349007
960501742120
1071985465156
1007122262056
679762946877
931547573829
994566279347
1040261640803
771970950075
1009975021750
1045201396999
1036116909913
669964030068
774733935689
804605848281
770643500495
812967244485
899910887008
677637180188
556545802002
819162946954
1006486429909
1063688535446
1065284447676
961528909401
893268824730
951304012788
930485576209
895905765146
870928272856
919987605044
679774872483
794403045034
946972755790
608922183693
1050718107077
1051584303564
829057374409
1059367060587
1063089425891
905100780221
639084484277
1064815053639
1072843204524
974674845698
847702789385
880238592443
998735773708
686806029442
1007622102365
778625791944
615916701715
858462730271
758937099477
748290863244
597716099876
916122422252
599173855550
850432503726
878142831363
710121584586
1042687404673
877554210957
695831423490
850436891212
788162940291
696204692968
1061013326144
742948102236
1058380781855
1056318286281
674275347492
1034335397252
1031824169202
926294689238
848234816856
937975194698
714282485284
816751210440
618587278609
678767684447
801331758071
837202264475
678736803946
658867671301
532017629807
801183951354
947739896825
730025029859
714961087808
576755458313
956197062197
650280014164
644568975129
677323042475
718977746957
1058203879727
919148968598
946901983130
849246166605
820259692298
737529323952
718749548220
951455168512
817841793856
1062264447197
1048200612843
844134860434
640246722552
967504314460
820473033482
679385645341
631866925792
1074371195688
667915447678
946387493262
669741333883
1056288907810
977582910882
683723897862
888250308751
854012995699
679201520059
977231290598
648188273939
977895388908
924207389924
598311390432
640541823858
923655858951
749578036553
870217552832
630407307025
1000656015875
661260070106
722397091781
824875167448
728821053297
605465028076
39167865434
844485217990
1067792307394
760316344299
540385560488
659888367807
987285870499
702586866740
849351424108
734990201855
751303743933
1001840099480
688298131134
727725923565
955572818956
950705146594
751307110605
642240811094
997699325622
829910891422
797327648192
1050211615375
619564702775
836980906471
531199066981
547751496409
724713215311
899203563181
520569171393
677659539103
819340405511
1028765904325
1000996994917
39995448730
1049392514789
736793119792
952127706604
742866450002
705065180554
1030091438274
1078070680692
546706443426
748868216351
724034776883
639666492983
771979870670
1068721070708
1049895867565
1063232783762
757626622230
709263186818
1074219467030
602170624442
828082444733
770216629713
706388924387
799726239799
588312579395
942186773526
756931838407
1068746764303
566999878365
42692518337
669437407170
558414543703
823434829285
606163157125
772427746191
685153967076
591247644294
771528477616
821291115178
912667164697
642712947338
674199180997
833873636761
736243923778
750292441935
626709160075
671094288755
721241413994
583728775251
749991226618
587099330297
625272537291
998173517866
1253677783
678168294447
864948264461
905675881280
848141582574
827485500101
752082991041
742752417653
957149237406
669749178010
763637440787
658293163712
658793652530
668905948708
617448331251
672230157865
642145478066
638239293083
653071428774
35803095973
781599857556
668338626864
732049933320
962525762730
712342388900
538461853084
727987083705
964288322459
556423831483
532716018687
622638916136
614908381021
825217010173