648188273939
870217552832
974085162953
771979870670
846874790590
977231290598
971664968434
824583528990
857804998271
673185570731
565705008230
931167897483
1063232783762
1038796138503
1047289477804
760316344299
626576085652
583728775251
1051050127376
1050235412581
730140418044
571477833270
950705146594
1050211615375
646511900954
845882786749
713061137089
809282098247
694866673626
574816453897
1000656015875
949034974642
640541823858
668785784436
954236012935
799170318600
1062670934055
1029228039941
823434829285
679201520059
726770678420
789753611029
625272537291
598311390432
709263186818
757626622230
565818919676
668682868939
914097505819
1073275918223
744468887503
1068947723014
757316708413
536101096571
1052155845100
650135958732
904224978750
831060999257
1076516585246
679547687355
679886331746
1068928199937
1075824562077
756931838407
619589940335
724540271772
1075443714235
1075574843484
981952908475
1059797202105
1039853750825
1013505218469
1056827567307
552394754910
732148977234
1051841087831
735322821440
924505763830
666535942370
1034036266155
1050821552202
1069511411641
1078059540490
1074143893966
1071406679105
1068391391546
1070275321557
894000578428
565821788458
1052853214039
782788628547
744342346966
1003588203935
1037022462310
787612719055
742648746737
1059598089270
670149547850
719780486657
640410103600
566104631934
678429666827
893275968059
719780594406
557396156959
627920422326
998660112709
1072388463502
718151878154
850168757464
691784500355
939217283633
805137523104
613340714815
808505717844
680568102084
1073116050988
856332248099
897655153474
612702960115
742834592711
658822996677
557310416914
944331833754
711184498939
807771402981
615531840105
1074381626591
1077719817743
1065857591552
810757953072
724530099613
1071250017184
606610344037
791933298070
912446212829
901055812971
851659663602
778334118814
962887246111
740683288874
935067194988
808590723985
622638916136
1056230912305
1048767942446
742752417653
622076997479
978213600349
814782579371
650977009062
920104810439
795530897470
617620860772
1002597256283
964986257624
974917307987
885490671941
588312579395
707587133441
810953299825
693319263669
805850876738
1077938169376
985092001950
1038430390812
723333191419
678236678831
868952961099
948353613888
734968556220
714856816868
788916722964
673711589129
647431733519
38728943900
805623274279
1063436542950
730774290138
615119796469
694248504247
897625752216
763914720168
1069421904780
1067552606252
643595092516
652982959906
1066978509164
1069536432435
1018925633669
686994200208
738102812356
809688221020
694480455175
601847341488
1053223432540
805687198342
854721093243
769937282925
631311101258
642960331151
730867570426
1065030240359
903690039331
687972901218
811112618246
751280005190
666567654312
537620118754
848754779563
601203768708
1066884091699
990267334511
681610741144
1073222052900
821028776838
601374419509
582456536702
1036405099080
884794989341
1047507095422
730286962048
897495099856
752250286990
680926078266
976060392013
1065068315805
920369462492
655422124150
811559957423
966182693477
651078673650
939675573853
804422651010
634862644354
1062634423636
809446759864
1074935795689
569558207711
676722857540
708077572076
569558207199
643344168214
569557855591
1069166682746
817330308244
605888715226
744728112297
967314216832
625375898501
1057127917804
973956284615
966357554199
1005581129862
1034653468160
655923859793
1013516687831
1073012248937
1073237883309
1065013080721
910122892773
1063908811695
1065847051920
1065182159768
1072086663807
975413473597
1073846263073
1076099812570
1076583616140
1075007796153
1029723071105
1067033609018
752630958038
1069419398959
1067011017044
1046612721555
909364783805
1066015994134
901380770924
1072409839307
1014158938706
1011418951365
1074701724370
1016121505220
903167906218
1038435784309
1044660849664
1063496042521
1047834282492
1050355577923
1018894764597
1063518546635
905176425092
1074567755133
1061673092794
839220091354
1028576751824
856997023844
1066291307012
875838125157
941964223596
1061821048788
1078179421112
1075646289585
825993735494
619564702775
863450414345
803374157039
1007373797096
754042305256
936008763074
649840930192
855292703430
1009669877935
617436591110
729233404106
824875167448
1061265753881
658893357358
1074841347383
1031400690141
849720029614
687944562534
919524505466
641105688086
775627069247
710149164849
922615849218
1014919810988
734990201855
849342036854
819502744006
775930245848
1012328788280
796120303292
866350383982
616747984243
754070516651
679551529400
536290964155
979321406335
688226143154
897440960774
893550984160
961246418427
965075315628
726887556506
566999878365
884428441061
1015256338435
577162064653
860914756481
589268311424
801092998673
1063277141751
688264638346
682262533331
687979509834
848172716892
943928250777
944451751497
805743513632
1050049805606
977260317828
642037367855
680019207364
996475119143
567385943778
886202922496
651460484555
658474989705
630404521676
1043741285902
35934631393
663178459700
1008886444696
605454613765
781103937765
822360843289
676548341205
654398085920
977895388908
946638106492
806330447676
642018093573
723154975285
553466620274
739937158095
1004279020163
650490808258
688298131134
676757012278
594548477482
980519239600
679189420837
924071137228
837852099337
645292245359
951765553349
1005367133306
712342388900
1003017393805
998325700175
931237513665
574497783333
619985826190
808275574493
747218295797
812424872854
1071860367929
739836165540
858252107607
711103604299
680050535743
666438945123
968303026066
923446357121
745475442957
1052106729804
977739889449
1069100849684
619984690981
619218700002
991284896170
927512134382
1052696441365
805063271744
614153311297
932672876258
869622507746
651840225992
641348426436
665301376265
649358457855
644357765332
644073874344
643324763676
642420451489
642008591159
641976386147
640671669261
639686083736
636492963963
636492731298
636166526711
636100394793
635372614309
634326053387
632878148947
632196773773
632068905316
632067652284
631960991058
631061067542
630677110045
629121558512
627207132288
626684902212
626635133230
626632217749
626427803123
626383249258
626042252556
620056594192
618553531588
617869450127
616247641186
609897557590
609667894547
608306553459
608051452895
607344031000
607342926955
607121601075
606860976630
600776002728
592375267016
592210566487
592206886003
592055909655
592053709231
592049233582
591831144699
591825544757
591819468800
590613627004
590612511045
590611843210
590610859847
590445182523